100 3
25 17 2
7 6 10 3 5 24 13 11 25 18 4 19 9 14 23 22 20 12 17 16 15 1 21 2 8
21 17 1
3 5 13 6 21 7 10 14 16 20 18 19 2 9 1 11 17 12 4 8 15
22 11 1
10 5 9 13 6 20 17 4 18 16 19 1 2 3 15 7 14 8 12 21 22 11
40 32 28
6 18 14 32 22 12 1 28 29 2 24 37 38 40 26 9 16 27 31 34 5 3 35 25 8 30 39 4 33 10 11 15 20 13 17 23 19 36 7 21
15 9 4
14 8 4 7 6 12 15 5 2 11 1 3 9 10 13
76 50 49
14 30 67 47 34 36 20 15 73 7 2 31 27 32 60 45 22 54 52 3 37 53 40 66 6 46 42 61 13 58 64 55 17 62 48 23 10 33 9 11 75 18 39 5 49 71 4 57 16 41 21 12 44 51 29 76 68 74 72 63 65 59 25 38 26 8 28 24 43 69 35 19 70 56 1 50
45 37 23
13 11 42 29 22 34 23 24 18 28 37 40 2 32 44 20 30 14 27 35 39 45 25 1 17 4 26 15 43 3 8 10 6 19 33 12 31 21 41 5 38 36 7 9 16
71 64 35
19 67 35 31 20 23 26 62 8 44 1 21 54 49 6 52 22 45 30 29 2 68 71 7 69 56 50 13 12 36 55 11 61 38 37 10 47 28 43 51 48 14 5 66 9 34 27 40 18 64 57 46 4 15 25 32 63 17 16 70 59 3 53 24 42 58 33 39 65 60 41
75 42 21
2 25 56 12 32 57 45 29 31 9 19 43 27 17 71 35 33 16 8 5 21 64 75 7 23 67 70 24 66 30 3 4 62 59 44 68 58 38 41 50 37 15 40 22 14 6 28 69 49 13 39 74 53 51 60 61 34 42 18 55 47 20 10 26 65 72 63 73 48 11 46 36 52 54 1
30 16 2
18 14 21 20 10 15 27 16 17 9 24 4 12 2 3 5 6 8 23 7 19 28 25 26 29 1 11 30 13 22
22 20 6
4 14 16 13 6 19 20 18 21 15 9 3 7 8 2 5 12 22 10 1 17 11
68 38 15
43 32 39 62 28 68 25 17 53 4 36 15 10 31 26 2 8 27 56 50 13 58 23 40 67 37 48 47 20 45 5 1 35 52 7 64 59 66 11 3 24 6 41 29 57 42 61 44 9 18 19 51 38 46 22 21 30 34 65 60 12 33 55 49 14 16 63 54
6 5 3
6 4 5 2 1 3
35 17 9
11 5 35 3 29 6 25 13 18 19 1 7 15 30 28 8 2 26 14 31 22 21 34 32 20 16 27 23 9 12 33 10 4 17 24
65 32 6
24 2 63 36 18 62 53 43 41 13 19 39 14 17 29 64 8 44 61 52 54 5 56 49 23 20 55 34 35 38 40 16 10 25 31 9 60 21 48 46 57 4 33 59 45 28 15 51 37 32 47 30 50 22 1 7 11 3 65 6 27 12 58 26 42
31 23 9
11 29 6 30 19 20 25 5 24 27 17 2 3 18 9 10 21 31 8 14 12 7 13 23 16 15 28 26 4 22 1
34 24 21
19 3 26 17 34 7 11 5 13 30 32 27 8 20 18 12 1 23 22 6 28 16 24 33 25 29 21 9 4 15 14 10 31 2
94 63 54
46 86 94 4 47 52 55 25 20 88 26 93 67 13 53 83 35 24 84 76 23 59 34 70 81 18 3 56 79 38 82 16 44 14 9 92 31 22 32 15 19 51 72 60 17 29 28 64 78 41 75 63 33 39 87 8 65 74 48 45 89 85 21 10 54 36 2 91 77 61 66 73 43 11 49 58 71 40 68 80 5 27 69 30 90 42 57 7 37 62 1 6 12 50
57 41 18
12 13 50 16 42 19 40 47 2 35 10 18 28 29 32 27 3 20 52 54 39 33 6 11 57 45 4 8 23 37 51 14 31 56 43 48 41 55 38 26 44 9 5 1 24 17 34 25 30 46 15 7 49 53 22 36 21
93 66 60
3 83 84 51 36 17 28 73 66 30 49 43 14 38 5 90 59 78 75 33 65 88 76 20 56 45 47 58 53 62 77 55 31 13 12 44 11 16 87 1 24 4 79 71 25 80 42 27 10 60 21 18 2 63 32 7 46 40 93 92 61 54 37 22 70 89 68 52 35 86 50 91 8 69 41 29 64 72 67 57 19 81 74 6 26 34 39 15 23 85 82 9 48
10 9 5
7 3 1 9 5 10 8 4 2 6
30 27 17
14 11 28 5 30 8 6 26 15 1 16 27 3 21 25 13 22 19 24 23 2 7 10 12 4 20 17 18 9 29
71 50 6
49 18 53 1 47 68 69 27 64 40 44 8 13 3 28 59 21 67 26 71 29 48 6 30 14 62 66 52 2 51 10 46 24 15 11 23 19 4 60 38 50 61 70 65 25 34 9 57 16 58 54 33 45 12 35 31 32 20 56 42 41 17 63 5 36 55 7 22 43 37 39
55 27 24
2 4 31 27 47 29 24 21 35 50 40 19 55 39 20 11 26 6 33 43 10 44 49 54 48 30 25 22 53 17 37 52 13 51 18 23 12 42 1 5 41 45 46 28 3 8 34 9 15 36 14 16 32 38 7
72 60 55
39 56 33 53 41 24 42 51 71 22 30 3 64 40 70 65 4 34 27 36 26 23 69 16 14 15 60 1 61 28 57 11 67 21 72 17 9 10 62 31 7 47 19 46 50 35 43 38 5 59 48 58 13 8 49 68 18 54 29 37 63 20 45 2 52 44 66 32 25 12 6 55
23 15 6
8 5 7 17 12 18 3 6 20 2 22 15 1 21 9 13 10 16 14 23 4 11 19
43 28 6
29 9 35 37 13 42 32 5 39 15 11 36 22 12 40 2 4 43 20 34 26 38 24 14 6 41 23 31 8 28 3 25 18 19 16 33 17 27 1 7 21 10 30
20 10 2
14 7 11 15 3 20 2 13 4 12 6 19 8 18 1 5 17 16 9 10
63 39 3
61 14 58 18 3 33 49 43 53 28 48 52 54 1 16 26 27 37 55 17 50 10 19 39 46 47 4 29 15 41 63 8 51 5 7 21 45 32 12 56 35 2 20 36 42 6 22 60 24 9 44 31 23 62 40 38 34 13 57 11 25 59 30
26 19 4
1 2 15 21 18 7 26 19 9 12 10 5 24 8 4 17 14 23 16 22 3 11 6 25 20 13
50 29 1
21 46 34 4 28 15 41 16 10 27 36 42 38 23 49 1 39 33 48 43 37 30 12 17 22 8 35 25 45 3 5 18 24 13 50 26 47 11 31 14 9 6 19 20 32 29 44 2 7 40
46 40 32
8 20 9 16 32 34 45 4 11 14 43 12 30 37 13 5 31 24 33 7 3 38 44 36 17 29 22 1 27 26 6 25 28 19 42 15 18 46 21 2 35 39 40 23 41 10
49 38 35
40 16 35 48 34 23 45 7 19 24 1 26 42 2 20 25 46 14 10 11 6 27 44 8 28 38 32 21 3 4 30 49 12 15 36 29 31 22 5 39 18 33 37 47 41 43 9 13 17
5 4 4
5 3 1 4 2
33 31 5
2 11 5 7 9 6 1 33 4 27 24 22 30 18 31 3 32 14 28 20 8 10 21 17 26 15 19 29 13 16 12 25 23
59 56 11
30 52 2 31 59 33 15 24 28 41 51 26 8 18 40 48 38 20 32 16 45 43 6 50 23 49 53 42 22 19 17 35 25 4 3 56 58 34 37 29 7 54 47 10 9 21 12 44 36 39 1 55 57 13 46 14 27 5 11
40 32 23
33 18 37 3 22 35 23 1 9 40 29 34 16 7 5 10 14 36 19 21 39 27 4 6 30 32 25 8 13 20 24 17 26 31 11 2 28 38 15 12
23 11 6
22 3 17 9 12 13 15 6 5 14 16 1 19 11 23 2 18 21 4 8 20 7 10
12 8 7
3 2 10 7 9 5 6 1 8 4 12 11
27 17 14
20 4 6 21 8 3 23 14 16 1 10 7 27 13 12 5 24 26 9 22 17 11 15 19 2 25 18
12 10 3
10 6 4 1 5 2 9 12 11 7 3 8
25 23 3
12 19 17 22 7 24 15 2 1 11 6 25 9 4 16 14 21 10 13 5 18 20 23 3 8
57 44 18
35 44 6 1 9 7 36 31 12 55 14 37 28 17 13 20 24 34 3 41 48 39 54 29 15 38 23 47 26 5 4 33 57 10 49 18 50 16 40 46 32 45 8 21 52 19 53 42 2 43 11 22 25 51 27 30 56
93 75 64
51 3 31 62 79 50 42 87 39 48 29 82 9 40 85 71 27 75 10 4 57 67 33 47 11 93 69 61 17 41 83 63 66 81 74 52 65 2 90 92 15 91 86 26 59 76 64 21 28 20 30 80 8 22 88 13 34 6 7 72 89 37 35 84 44 56 54 19 25 32 78 12 1 73 16 36 68 18 53 46 5 60 43 14 70 58 38 23 77 24 55 49 45
22 20 15
19 22 4 16 2 20 21 14 12 1 5 3 15 17 13 8 11 7 10 9 6 18
26 14 6
20 4 5 7 24 25 22 1 12 14 26 18 21 8 6 15 11 9 2 10 16 13 23 19 17 3
81 80 66
50 8 20 52 19 47 3 17 42 45 13 5 75 62 55 57 14 37 24 74 73 77 53 29 63 64 9 49 51 61 41 81 26 15 36 71 27 6 34 28 65 56 68 43 78 2 31 18 21 12 69 11 38 7 22 79 58 59 39 30 1 72 48 80 35 10 16 67 33 66 54 4 25 70 23 76 60 32 44 46 40
99 53 50
47 11 30 38 3 23 29 68 15 22 74 7 78 45 62 9 33 24 70 85 52 66 2 4 46 80 20 28 57 55 16 77 97 56 86 93 91 98 50 83 5 6 72 58 14 37 71 1 59 40 8 43 99 32 48 95 10 18 12 88 53 19 39 94 26 73 42 87 84 67 44 34 41 49 61 13 63 64 25 82 90 31 96 81 17 51 36 69 75 89 54 76 21 92 27 60 79 35 65
56 29 7
1 5 50 20 3 56 48 19 51 38 36 30 40 43 52 27 37 55 10 53 26 34 23 35 32 11 44 17 14 4 8 25 2 28 42 12 39 47 16 18 24 6 33 9 31 13 45 41 49 21 54 46 15 7 29 22
66 48 2
49 50 10 15 8 42 19 25 18 32 33 57 27 39 12 60 30 20 53 17 21 4 46 54 59 35 66 13 1 48 31 5 52 29 26 2 58 45 14 65 11 6 38 56 3 62 23 43 64 44 34 47 37 22 63 51 28 41 7 36 16 9 40 24 61 55
80 42 39
41 8 35 34 45 46 37 65 23 49 3 25 33 73 48 14 32 12 66 11 19 1 52 17 75 53 71 54 70 79 43 58 51 62 15 36 74 72 30 2 60 47 55 28 16 40 59 69 27 10 9 64 78 21 13 67 77 18 50 20 26 5 24 56 39 29 38 7 63 61 31 76 44 68 80 57 22 42 4 6
98 57 10
51 60 61 75 53 3 31 62 78 97 14 16 1 47 7 27 34 72 71 68 45 19 69 52 50 25 32 28 56 12 66 98 83 91 15 82 30 74 35 57 39 73 70 33 85 93 65 67 86 88 11 9 41 77 84 43 4 44 92 21 22 42 80 26 64 54 8 95 48 23 94 49 20 38 63 81 46 36 90 24 10 29 79 13 37 6 76 2 58 18 40 96 89 17 5 87 55 59
29 14 9
19 22 4 2 18 28 7 5 10 12 8 20 13 6 15 21 26 9 1 11 16 29 27 23 3 24 17 14 25
9 6 1
2 1 4 6 5 8 9 3 7
78 65 23
25 56 40 12 7 21 13 10 2 73 15 28 24 50 46 38 5 64 58 30 66 22 14 65 60 53 42 55 4 43 72 31 62 26 71 45 44 29 27 37 51 54 33 34 47 61 57 39 19 68 23 9 16 17 20 11 59 41 67 78 63 70 49 3 6 32 76 77 69 74 18 75 8 1 48 35 36 52
23 11 8
13 9 3 23 16 17 14 7 19 1 8 18 22 4 21 5 12 2 15 6 10 20 11
59 41 24
48 16 37 7 9 31 24 1 5 41 3 17 45 39 26 29 40 27 58 30 20 35 57 13 11 43 50 33 46 59 8 38 2 51 32 56 36 10 42 25 22 6 23 15 49 34 21 44 12 53 14 54 28 4 18 47 55 19 52
58 56 3
55 58 45 27 3 17 54 47 34 40 52 51 15 39 7 21 26 53 32 38 44 35 25 4 12 5 33 56 20 2 57 9 1 28 10 23 42 50 43 24 31 22 16 11 6 29 49 19 37 36 13 14 18 48 30 8 41 46
28 25 1
26 4 5 23 18 27 14 24 15 6 10 22 13 20 9 7 2 21 1 3 16 11 28 17 19 25 8 12
14 8 8
4 14 9 6 7 8 1 3 10 2 11 12 5 13
10 6 5
6 8 4 2 10 7 3 1 5 9
21 16 11
4 7 3 18 13 2 21 15 12 8 5 1 19 20 17 14 9 6 16 11 10
11 10 1
6 9 10 4 3 11 7 2 1 8 5
93 51 29
1 87 45 58 56 63 55 79 78 57 8 15 28 48 4 80 75 93 67 39 54 9 71 83 82 27 68 72 20 65 46 13 23 84 77 44 35 52 16 81 30 88 11 7 92 59 70 17 19 41 66 85 34 25 14 33 74 37 91 49 5 26 42 2 24 22 36 73 6 76 90 21 32 69 40 62 50 31 47 43 86 29 61 64 18 89 10 38 53 3 60 12 51
36 35 22
19 5 30 32 1 13 2 6 9 15 14 18 22 25 34 21 12 31 23 35 7 4 11 3 28 26 33 29 27 16 36 20 10 17 8 24
71 35 11
58 25 33 19 34 45 16 69 30 56 60 44 59 22 7 15 64 6 5 11 62 54 70 63 20 2 37 41 17 51 48 40 61 13 46 3 57 65 47 49 26 18 35 50 1 42 4 39 52 36 67 31 8 23 14 55 43 10 66 32 38 21 71 29 24 28 9 27 68 12 53
39 32 2
12 8 11 10 24 30 33 25 7 21 13 9 39 14 28 22 37 29 36 5 35 18 31 26 3 2 6 19 4 20 27 15 16 38 34 1 17 32 23
29 26 22
7 29 3 2 19 9 22 21 14 13 6 28 18 10 25 16 4 15 5 11 23 26 12 24 20 1 27 8 17
37 33 19
21 37 24 3 5 17 11 35 26 12 34 15 25 22 14 13 8 32 10 7 18 20 30 23 28 16 33 2 9 29 1 19 36 6 4 31 27
45 27 12
36 23 16 29 15 44 32 20 8 13 45 42 37 31 9 6 28 30 14 33 5 27 12 19 22 25 38 10 7 2 43 26 17 39 35 24 4 11 21 34 18 40 3 1 41
16 13 8
5 13 16 9 14 15 1 6 3 8 7 11 2 12 4 10
12 9 7
8 1 10 9 5 6 2 7 11 3 4 12
44 42 40
27 14 30 4 36 43 23 13 25 2 28 31 20 35 12 10 34 17 38 26 40 5 42 21 8 1 11 15 7 6 29 24 32 37 16 3 41 44 18 9 33 19 22 39
94 93 55
48 49 85 89 46 22 69 42 3 44 14 36 13 84 1 26 92 9 62 2 19 94 51 6 35 87 86 68 50 15 17 64 81 38 58 71 66 45 27 33 5 56 70 61 76 53 75 59 32 10 74 31 43 72 25 39 18 80 34 37 65 79 55 30 41 4 11 16 54 12 40 83 93 24 21 73 20 52 77 90 29 57 63 60 82 8 88 78 23 67 7 47 91 28
69 36 22
23 3 63 10 5 25 41 54 50 64 1 7 62 21 46 17 65 8 36 16 53 38 61 32 30 49 9 31 20 35 55 37 18 60 51 24 47 69 22 45 34 33 6 57 58 14 67 15 56 4 2 29 48 13 52 40 66 12 27 11 19 68 28 43 42 44 39 26 59
75 41 36
10 33 13 58 65 54 61 47 68 62 28 24 66 53 25 73 12 45 11 31 8 16 55 26 27 48 3 51 15 70 1 67 63 43 41 52 30 14 56 49 18 21 2 35 7 34 37 50 59 22 71 44 4 23 20 42 32 38 17 19 29 74 69 40 46 5 39 6 60 9 64 72 36 75 57
99 55 9
54 99 28 92 69 95 25 46 89 37 4 98 76 57 80 43 73 74 51 93 10 48 63 6 13 24 22 39 27 79 38 2 15 56 35 19 70 34 14 31 64 26 41 62 52 85 88 49 53 78 68 21 97 72 40 17 3 45 16 58 1 96 5 82 36 42 81 33 90 87 55 23 8 60 30 12 75 44 84 61 32 94 11 65 50 86 20 91 29 59 71 67 7 9 18 47 83 77 66
20 11 6
14 2 10 19 12 16 6 15 18 11 20 5 7 8 9 13 3 17 1 4
86 68 48
25 64 27 53 44 79 15 85 31 60 32 6 73 48 33 84 47 82 24 74 34 42 41 2 77 52 70 54 69 58 62 71 61 3 12 76 16 10 9 50 68 19 59 22 39 4 46 14 49 83 67 26 51 7 28 75 40 21 11 37 78 5 72 1 57 80 36 23 8 18 56 65 45 81 35 63 29 86 13 38 30 43 55 20 17 66
72 41 13
50 43 7 53 21 26 49 30 16 64 6 46 63 15 65 42 66 38 20 70 14 34 39 69 11 19 31 52 29 36 37 58 33 35 55 22 2 40 72 25 45 27 3 1 57 44 61 32 60 24 8 18 28 59 67 62 10 13 4 17 12 41 5 47 54 68 71 23 56 51 9 48
24 19 10
21 23 6 18 17 8 3 11 20 9 1 12 24 22 16 13 5 19 14 2 10 4 7 15
39 24 7
2 29 12 39 33 19 35 5 25 10 15 28 8 14 36 34 3 7 22 1 32 20 27 23 38 24 9 21 37 4 31 26 18 17 30 13 6 16 11
61 60 40
37 59 27 45 17 60 6 43 51 11 25 23 36 58 31 18 16 49 39 41 4 29 9 28 33 19 22 61 46 54 2 40 8 21 14 53 32 12 7 34 1 15 26 50 35 5 13 44 20 30 3 52 57 56 47 24 38 55 10 42 48
38 27 16
29 22 26 19 9 11 21 37 4 8 25 2 35 30 24 14 13 10 36 18 20 15 17 5 27 1 6 32 3 38 7 33 28 12 31 34 23 16
97 88 24
19 56 52 61 21 92 62 79 16 44 49 46 65 26 64 86 14 97 74 31 42 48 38 55 63 3 10 6 51 17 11 84 9 28 30 66 47 57 12 67 15 1 29 71 32 22 13 72 2 4 34 88 24 59 33 8 78 91 40 87 41 43 25 23 50 80 77 45 96 93 54 39 85 90 68 75 7 58 20 53 18 70 35 60 73 94 36 95 82 27 76 89 5 69 37 83 81
47 26 9
11 24 25 33 15 30 40 2 14 39 45 29 46 27 44 23 32 26 8 19 42 6 20 13 37 47 10 1 28 31 17 34 12 4 36 43 16 7 21 22 5 38 18 35 41 9 3
61 58 48
22 21 14 37 45 28 42 27 12 59 36 51 49 60 2 32 7 26 34 15 1 25 31 61 20 33 58 8 23 35 4 41 10 3 50 54 5 48 6 52 16 39 53 9 11 55 44 40 57 30 29 43 38 47 17 24 13 18 46 56 19
18 15 10
4 6 15 8 9 10 11 14 17 7 2 1 12 3 18 16 13 5
67 36 21
48 26 43 35 32 41 6 38 51 18 42 3 28 50 33 12 23 20 65 1 7 15 21 11 19 34 63 45 40 8 4 53 24 61 62 31 37 9 2 58 10 57 56 47 36 44 54 46 25 52 60 59 27 55 22 30 66 17 64 39 49 29 67 14 16 13 5
58 56 46
36 38 4 37 56 29 40 3 34 14 30 28 52 13 43 16 39 31 46 26 18 8 20 15 6 11 5 9 47 51 10 55 32 33 19 50 21 48 24 54 7 1 23 53 49 57 41 45 27 17 25 42 2 44 58 12 22 35
67 56 44
47 9 38 1 50 63 6 29 54 53 2 17 39 12 48 37 49 23 7 45 16 15 43 22 26 3 67 44 36 28 40 57 60 13 20 14 52 8 31 32 18 4 41 27 11 35 24 51 25 42 46 21 33 61 30 5 65 56 34 64 59 62 19 58 66 55 10
94 64 11
81 26 59 34 22 87 31 86 35 37 20 29 73 32 15 12 55 45 33 4 8 90 83 66 7 60 92 93 71 80 9 54 51 38 36 79 24 16 72 68 39 69 94 62 89 44 85 53 3 88 50 40 14 13 41 18 28 6 84 21 61 77 82 52 58 91 63 56 27 57 2 76 43 19 48 75 67 78 5 49 64 47 74 30 11 10 1 65 46 25 42 70 23 17
40 33 28
11 38 7 4 34 29 31 24 33 1 39 32 25 8 14 40 9 13 37 10 21 17 18 27 36 3 19 12 20 26 23 22 35 2 16 30 5 28 15 6
86 53 3
20 60 56 81 48 34 57 53 3 7 73 12 35 21 40 8 71 26 16 72 46 64 24 27 69 11 5 66 13 2 58 6 25 19 85 32 80 84 75 82 42 70 79 52 44 67 23 59 18 55 68 47 29 45 39 37 33 77 30 38 86 14 78 49 63 76 4 74 43 41 1 61 50 17 15 9 22 31 51 36 62 83 28 65 54 10
34 31 26
11 6 34 25 31 8 23 28 27 17 15 12 30 20 5 13 18 24 3 32 2 29 14 1 22 7 10 21 16 4 33 9 19 26
55 30 25
16 9 37 48 10 29 22 8 45 30 47 14 24 17 33 19 43 42 38 3 36 54 27 2 32 5 35 55 21 25 49 28 51 6 52 46 44 41 13 26 18 34 1 23 15 12 20 7 39 31 50 40 4 53 11
57 41 23
17 12 56 23 37 5 43 4 49 27 35 41 48 36 57 22 9 46 16 39 40 25 6 2 38 8 26 31 1 30 54 11 14 19 3 28 45 34 32 55 47 52 18 13 50 24 20 51 21 42 15 53 33 29 10 44 7
28 26 24
15 20 17 27 23 24 28 12 16 19 11 21 5 26 18 13 10 6 25 7 9 1 14 3 22 2 4 8
30 17 6
14 18 4 7 20 2 10 25 13 16 15 17 30 5 9 1 22 6 19 24 3 26 8 21 23 12 27 29 11 28
14 13 5
13 9 6 11 1 3 12 7 4 14 5 2 8 10
