1000
42 57 46 50 43
37 56 48 47 45
49 38 46 39 37
46 44 43 49 49
50 43 33 47 36
35 41 36 54 37
46 55 41 43 46
52 55 38 52 49
45 43 36 43 34
40 41 40 39 55
60 56 61 59 63
66 70 65 70 68
69 92 74 68 78
74 72 70 76 67
77 78 81 79 73
90 83 78 88 78
93 86 93 84 89
94 95 99 99 94
98 112 97 117 97
116 118 112 110 117
117 118 116 131 130
111 128 121 120 109
132 119 131 125 120
130 137 137 135 133
133 136 139 119 117
141 143 131 140 137
143 136 142 144 134
136 135 132 137 132
136 138 135 135 135
126 122 112 113 116
133 129 118 134 135
129 123 129 126 123
131 131 132 127 128
127 135 118 135 124
138 150 141 150 138
145 147 131 144 138
146 154 166 164 159
156 157 156 156 156
161 160 162 161 158
163 161 174 171 173
175 189 189 170 187
191 178 182 187 196
186 186 176 173 180
198 181 199 197 196
188 192 194 188 186
196 191 195 190 193
192 190 211 209 191
190 193 181 203 194
198 195 193 201 194
209 205 208 203 202
205 202 202 212 202
197 204 198 199 204
206 204 207 209 203
223 209 207 213 221
220 218 223 227 220
228 228 229 232 230
215 226 217 227 228
221 210 212 221 220
215 212 214 212 218
200 211 206 198 204
189 190 190 203 197
188 179 182 189 182
201 193 206 193 194
205 212 212 211 204
212 221 209 219 214
206 210 213 205 205
223 216 227 218 219
205 205 204 209 205
221 206 225 224 213
199 201 213 204 200
204 204 208 188 204
201 205 186 186 210
210 190 208 194 210
208 219 195 203 204
213 210 206 206 220
224 215 216 222 220
227 220 225 222 224
215 238 234 238 219
238 238 235 230 234
242 237 251 236 243
246 242 235 240 237
244 228 239 245 242
245 252 253 254 241
241 249 245 248 248
247 242 243 243 259
256 245 255 244 256
272 263 271 265 255
268 279 271 273 275
274 275 278 253 272
264 266 267 263 264
276 275 277 271 274
283 283 282 282 281
273 275 280 280 277
289 278 288 280 289
290 290 288 288 292
296 298 297 296 296
291 293 290 303 296
273 289 291 282 281
276 278 278 282 273
288 276 264 274 262
262 285 286 291 289
290 276 272 275 281
274 276 268 258 268
283 272 281 270 280
264 264 263 263 271
259 261 263 263 261
254 259 261 254 251
241 255 240 252 238
237 236 231 230 244
246 259 248 252 243
243 249 244 265 267
237 241 242 241 253
245 243 244 254 248
241 246 242 241 233
246 254 249 242 248
241 247 235 239 242
223 224 231 230 229
239 228 237 237 239
246 245 220 225 243
229 235 237 234 229
223 223 222 229 228
232 235 231 239 237
233 234 227 226 223
214 222 217 226 219
223 229 232 228 236
235 247 241 247 225
249 237 230 234 238
250 254 237 244 230
262 250 255 267 254
261 261 259 259 261
248 272 246 266 245
274 260 270 253 261
266 262 266 266 264
273 264 262 263 260
250 263 261 253 272
276 262 261 270 269
266 258 266 257 261
252 265 265 266 266
268 266 267 277 277
260 266 262 253 270
277 271 277 267 269
261 263 254 263 266
269 262 273 262 272
252 246 246 256 266
237 237 237 236 247
243 239 243 243 244
257 250 257 251 250
245 231 237 231 249
252 246 247 250 248
263 256 249 246 245
270 266 259 262 256
264 259 245 269 268
250 256 249 259 266
240 248 268 265 264
258 269 250 258 247
240 241 237 243 238
245 250 246 242 251
249 262 258 247 264
252 244 252 254 254
257 245 262 252 253
259 261 258 256 260
252 270 266 246 266
257 258 252 260 260
247 264 261 257 264
269 262 269 268 265
265 269 272 263 266
283 270 268 283 272
268 267 275 271 267
265 267 266 268 257
251 247 252 263 247
255 257 253 259 254
253 255 254 252 249
257 262 257 258 262
243 245 248 257 249
255 258 255 252 251
239 238 248 252 239
236 245 236 232 250
241 249 258 259 243
250 249 262 270 246
237 248 243 251 244
250 255 258 250 254
243 246 246 247 246
249 250 247 248 251
246 228 238 240 234
240 233 250 246 255
252 257 254 257 247
261 261 274 259 266
264 274 265 265 257
259 259 261 262 253
263 246 258 270 261
280 282 272 279 267
268 265 271 269 274
288 292 286 272 290
292 281 278 278 295
275 262 274 283 266
272 270 259 265 264
265 278 261 262 268
267 271 267 272 274
271 261 267 270 271
262 254 260 264 256
253 255 257 253 252
260 264 256 262 258
272 264 270 265 278
275 277 270 272 272
278 285 283 278 286
283 283 288 290 291
278 282 281 279 294
294 298 297 289 294
303 291 301 288 303
317 311 295 308 301
314 322 307 315 325
312 311 316 309 323
305 304 316 302 302
310 318 323 317 306
323 319 325 329 328
332 321 327 329 335
325 318 326 317 325
316 320 324 316 315
316 308 298 306 315
314 317 323 312 324
323 331 329 319 320
325 310 329 329 321
335 341 345 342 339
330 339 340 335 327
345 349 343 347 336
351 339 332 349 353
341 339 334 341 341
339 332 338 325 335
342 338 350 350 343
354 345 345 347 355
353 350 359 373 356
364 357 373 352 367
358 346 356 356 348
345 361 350 337 358
355 365 354 353 360
342 352 343 349 338
357 354 358 348 350
347 339 359 347 338
341 341 329 340 339
353 344 352 344 359
352 353 352 357 352
360 362 364 360 365
364 375 384 373 380
363 373 365 374 369
363 367 364 365 384
369 382 372 373 376
372 370 369 375 372
365 376 366 373 368
367 368 365 363 367
366 352 349 358 365
365 366 355 367 366
369 376 379 365 367
372 372 375 393 389
386 389 390 380 388
388 394 400 395 388
400 396 402 402 402
375 388 390 400 397
402 394 396 400 392
393 391 381 379 382
390 386 390 395 393
382 395 402 385 389
394 392 394 393 396
383 398 381 388 390
386 407 388 392 385
407 375 385 402 401
395 399 396 396 399
398 396 401 399 389
383 399 390 395 388
388 390 391 386 386
399 399 395 400 390
381 395 401 400 381
392 382 392 377 393
370 385 382 368 378
367 368 376 367 373
363 367 363 358 368
358 363 377 376 362
382 369 383 383 371
378 385 395 394 396
385 379 383 383 386
402 399 379 386 395
385 389 388 384 383
391 375 393 400 374
392 398 397 392 398
391 385 409 411 381
403 413 413 411 403
398 404 417 415 401
415 413 419 426 426
413 419 413 413 416
415 403 414 406 406
416 414 413 417 418
423 418 422 423 416
424 422 428 432 427
432 440 429 435 446
423 432 432 426 441
418 422 418 421 424
408 407 419 408 412
428 413 419 430 415
424 422 423 425 431
428 416 417 429 426
426 424 434 430 434
439 437 442 444 441
452 446 457 454 452
462 461 460 465 463
475 470 470 483 482
474 475 472 470 478
485 488 482 476 487
468 470 468 468 467
474 469 479 479 475
493 480 480 490 481
504 491 495 491 497
498 498 502 498 498
491 508 499 499 494
503 507 502 504 499
510 506 509 519 505
520 525 526 511 527
527 543 529 540 536
530 528 534 529 530
530 526 524 523 530
541 529 530 539 535
551 536 546 539 541
536 536 542 540 541
557 556 543 554 546
532 536 530 539 544
538 542 541 546 542
543 546 546 544 542
555 545 546 548 548
550 553 552 554 553
543 550 539 566 545
551 556 554 556 549
543 548 560 535 556
557 542 549 547 559
564 552 547 566 552
548 544 546 545 547
533 557 546 544 543
559 557 550 550 555
550 566 565 552 556
559 564 571 564 565
561 560 555 555 558
538 544 555 555 549
555 556 552 551 554
557 558 555 556 546
557 555 565 564 561
564 563 562 564 566
558 560 562 556 558
559 561 560 559 564
563 581 567 581 572
573 575 579 573 574
568 568 565 567 571
566 582 555 564 575
570 580 578 581 579
587 580 559 593 587
589 582 589 584 586
572 581 577 584 578
590 582 589 597 594
586 606 598 599 605
595 586 583 591 589
587 585 584 585 581
582 593 578 597 574
581 579 575 577 575
573 563 574 568 570
579 576 573 572 573
566 567 554 557 566
548 545 549 558 557
553 557 562 563 553
542 547 534 535 554
536 534 529 531 541
538 543 537 541 536
542 555 533 548 534
543 549 544 554 557
564 554 555 550 564
573 562 562 558 564
554 563 554 546 547
542 535 549 540 556
540 530 537 534 536
541 543 557 557 543
541 540 545 547 544
546 537 544 547 535
545 547 542 550 553
555 558 550 555 566
558 553 561 553 561
554 554 555 554 552
548 551 547 547 548
553 558 555 562 564
562 559 564 564 563
570 557 568 558 560
569 571 564 568 565
577 577 572 571 578
575 554 571 563 570
572 576 574 576 572
574 574 570 570 570
565 568 563 570 573
556 545 557 557 551
550 549 549 548 546
535 546 535 541 534
533 527 533 531 536
552 533 540 546 544
534 543 529 534 537
534 530 521 510 521
525 530 522 518 532
521 508 516 511 524
532 527 537 519 538
530 518 517 521 527
521 514 515 517 520
507 512 503 511 512
499 502 504 505 500
514 506 526 520 528
519 543 526 538 542
543 541 537 543 536
525 537 535 532 536
537 542 548 546 545
548 546 549 543 534
540 536 542 536 544
536 528 526 523 534
525 529 524 529 529
525 524 522 525 522
521 525 521 504 526
513 519 527 537 526
524 511 509 509 518
521 515 518 521 523
516 509 514 518 517
534 518 523 517 528
529 533 530 530 529
545 536 550 549 542
536 538 532 551 555
549 556 547 547 554
551 567 560 565 562
580 575 575 561 554
567 576 570 578 573
564 560 563 570 567
567 579 573 582 585
584 584 579 582 582
576 577 573 575 571
572 561 584 580 569
570 572 562 563 564
568 569 570 571 570
578 577 575 572 582
570 587 580 573 577
582 599 580 581 583
595 593 588 592 588
611 612 601 597 606
618 623 624 617 607
613 614 614 612 617
616 623 630 621 615
621 615 614 607 614
616 618 615 615 616
622 613 612 619 623
625 614 619 618 623
610 608 612 614 613
617 618 608 622 613
616 617 622 616 618
622 622 628 624 629
607 619 611 628 625
621 622 623 620 620
629 614 613 627 619
628 614 631 622 620
627 627 629 626 624
637 636 639 642 628
643 640 642 639 643
648 647 646 653 653
644 637 640 641 657
650 642 641 639 637
635 643 638 633 632
638 640 646 644 643
650 652 646 650 643
654 652 649 652 650
661 654 656 658 660
658 661 665 662 659
677 678 663 668 666
668 667 666 664 666
659 652 651 659 653
653 649 652 650 654
647 662 666 654 657
666 662 666 662 659
661 670 669 677 666
682 684 662 676 681
688 687 687 685 683
687 702 688 693 698
695 694 698 699 695
706 715 709 714 706
712 725 719 720 716
728 727 740 725 726
719 727 745 716 746
729 724 720 722 720
724 734 722 727 720
703 722 705 708 721
712 717 703 696 712
709 713 705 709 710
703 705 703 707 704
703 713 708 697 715
724 725 722 721 711
735 715 726 723 733
734 730 741 727 731
728 729 732 731 727
745 748 745 731 736
733 732 732 754 732
744 747 747 741 737
755 750 761 756 749
759 760 755 761 759
760 759 760 764 759
775 760 765 755 758
768 762 754 765 770
779 770 785 779 780
777 772 777 774 771
760 769 780 787 771
781 781 765 775 779
785 771 780 783 777
769 766 765 776 762
767 754 759 752 751
767 769 765 764 770
776 775 777 783 777
768 775 774 760 768
762 757 767 775 754
760 773 770 772 777
776 776 775 773 775
794 793 793 787 784
780 786 777 789 787
785 779 777 775 776
783 793 788 779 778
772 767 778 763 780
785 777 780 791 776
779 786 778 781 782
780 795 774 776 779
771 774 773 775 780
783 788 778 780 790
776 778 776 761 775
781 775 777 789 781
788 789 762 781 788
786 783 794 791 784
796 788 791 801 798
798 799 797 802 797
801 803 805 803 802
811 806 806 808 805
803 808 810 809 810
816 818 828 821 816
815 815 812 806 812
824 831 824 830 823
837 826 841 835 838
849 830 828 845 847
842 845 834 842 836
843 852 854 853 846
841 861 844 844 842
846 844 846 844 838
840 837 850 835 848
842 840 842 840 827
840 842 844 839 845
844 850 852 850 845
855 838 850 857 859
854 857 852 850 853
862 866 861 871 863
867 872 874 868 872
871 872 880 872 877
875 878 883 872 869
865 872 873 863 864
857 863 863 854 857
868 867 865 871 874
874 889 889 887 880
881 880 882 879 883
874 895 880 875 878
886 896 880 890 881
875 890 883 896 876
888 888 885 894 889
897 889 898 897 891
901 900 907 906 905
912 918 925 907 924
940 935 940 939 932
943 939 939 942 942
953 955 954 949 943
955 956 956 954 953
967 972 966 938 940
955 955 962 960 957
961 966 964 961 966
957 958 955 957 952
945 960 964 941 967
961 960 957 961 956
964 967 946 969 969
965 968 965 968 964
970 971 970 970 972
973 968 969 966 975
971 961 977 962 962
954 957 954 969 954
947 958 942 951 946
952 952 950 953 951
957 950 948 948 951
956 959 940 954 937
934 943 941 936 936
944 943 944 945 944
953 934 951 937 934
954 961 947 963 955
961 952 965 962 972
967 968 968 967 964
983 982 974 977 971
967 980 968 968 968
994 977 988 983 996
997 986 984 990 986
991 999 997 994 998
986 986 993 993 988
993 1000 998 992 990
1000 1001 997 1000 1001
996 993 996 987 995
986 982 993 989 989
979 994 993 994 988
992 976 996 981 986
983 971 982 981 972
970 976 979 983 973
991 984 990 985 990
1008 1007 1003 1002 990
1008 1004 1007 1006 1005
1009 1011 1008 1015 1012
1003 1007 1009 1002 1002
1004 1007 1003 1000 1001
1018 1009 1013 1025 1008
1016 1004 1007 1012 995
1009 1015 1015 1014 1007
1008 1003 1028 1027 1011
1022 1012 1026 1009 1027
1020 1030 1029 1020 1030
1030 1030 1026 1026 1033
1027 1028 1018 1013 1017
1033 1031 1030 1027 1033
1045 1036 1049 1051 1032
1038 1035 1036 1035 1034
1041 1038 1041 1039 1042
1035 1036 1040 1038 1036
1029 1041 1048 1034 1032
1042 1047 1045 1053 1045
1052 1068 1053 1067 1069
1047 1070 1063 1058 1064
1059 1068 1069 1069 1058
1050 1049 1054 1063 1063
1056 1057 1062 1059 1058
1060 1080 1066 1064 1059
1074 1059 1058 1073 1070
1075 1076 1074 1073 1072
1055 1052 1053 1070 1069
1052 1058 1051 1042 1057
1068 1061 1053 1054 1059
1076 1060 1072 1063 1076
1054 1078 1083 1053 1063
1063 1060 1074 1062 1063
1060 1060 1063 1064 1060
1055 1060 1059 1059 1060
1074 1081 1060 1066 1073
1079 1060 1060 1068 1073
1070 1070 1085 1082 1091
1070 1076 1079 1074 1077
1092 1094 1082 1077 1067
1082 1072 1075 1076 1075
1078 1079 1082 1079 1080
1085 1080 1081 1080 1081
1094 1083 1084 1095 1095
1085 1090 1087 1085 1085
1090 1090 1094 1105 1101
1101 1086 1093 1085 1096
1100 1103 1102 1101 1097
1114 1107 1104 1114 1102
1119 1111 1112 1116 1132
1130 1121 1138 1138 1138
1139 1123 1132 1127 1131
1146 1147 1140 1137 1136
1140 1138 1141 1140 1141
1136 1153 1135 1142 1144
1141 1141 1139 1142 1141
1153 1150 1144 1154 1152
1158 1161 1156 1169 1158
1154 1139 1145 1150 1151
1147 1145 1144 1141 1141
1145 1150 1140 1142 1140
1160 1158 1152 1165 1168
1175 1161 1151 1172 1164
1172 1174 1171 1152 1169
1175 1181 1170 1181 1178
1173 1163 1165 1170 1165
1158 1162 1164 1164 1161
1167 1174 1167 1168 1170
1174 1178 1180 1178 1183
1182 1198 1180 1181 1195
1165 1176 1170 1186 1171
1179 1176 1178 1175 1180
1173 1177 1175 1173 1173
1163 1162 1166 1170 1164
1173 1185 1171 1169 1180
1169 1176 1184 1187 1185
1176 1184 1184 1177 1189
1174 1187 1170 1175 1183
1167 1173 1166 1171 1174
1172 1175 1175 1172 1172
1173 1183 1175 1180 1173
1192 1193 1194 1183 1187
1185 1183 1180 1182 1188
1188 1200 1174 1179 1189
1189 1194 1196 1189 1191
1196 1180 1191 1182 1178
1182 1179 1184 1179 1182
1187 1193 1182 1189 1201
1185 1186 1188 1187 1188
1169 1170 1192 1181 1184
1191 1188 1185 1183 1192
1181 1178 1178 1180 1180
1172 1174 1171 1174 1171
1170 1169 1168 1165 1166
1168 1175 1187 1172 1171
1170 1166 1166 1163 1159
1151 1153 1150 1148 1157
1152 1154 1153 1157 1155
1146 1148 1157 1141 1153
1148 1149 1149 1149 1147
1172 1156 1167 1157 1166
1153 1157 1169 1169 1158
1149 1144 1156 1157 1146
1164 1158 1156 1155 1167
1168 1164 1168 1175 1166
1163 1168 1161 1167 1162
1152 1180 1180 1156 1181
1164 1165 1166 1166 1168
1156 1160 1163 1151 1160
1141 1145 1147 1143 1153
1153 1151 1135 1152 1134
1150 1146 1158 1155 1159
1139 1153 1142 1141 1149
1131 1141 1132 1144 1127
1137 1138 1139 1142 1145
1132 1142 1133 1137 1150
1141 1145 1141 1141 1146
1148 1150 1146 1145 1151
1146 1132 1131 1138 1135
1151 1120 1154 1117 1133
1130 1129 1140 1137 1129
1117 1146 1135 1147 1151
1124 1138 1133 1125 1131
1143 1143 1139 1141 1143
1140 1124 1126 1138 1125
1115 1121 1111 1113 1123
1110 1112 1113 1112 1110
1109 1115 1106 1105 1115
1111 1119 1122 1122 1119
1108 1110 1103 1118 1112
1098 1100 1096 1096 1101
1100 1097 1101 1105 1107
1104 1103 1102 1109 1087
1111 1110 1109 1105 1103
1109 1110 1116 1108 1115
1105 1108 1109 1105 1103
1112 1112 1111 1106 1111
1130 1132 1129 1131 1118
1130 1144 1147 1150 1130
1160 1148 1162 1160 1150
1144 1170 1158 1174 1167
1175 1177 1176 1170 1172
1175 1176 1175 1182 1191
1178 1189 1189 1200 1185
1198 1188 1198 1188 1191
1194 1198 1193 1195 1194
1205 1204 1199 1205 1205
1219 1213 1215 1207 1207
1222 1220 1214 1227 1216
1211 1212 1212 1219 1214
1218 1224 1216 1222 1211
1227 1224 1224 1225 1223
1235 1233 1239 1232 1229
1214 1225 1213 1212 1224
1215 1201 1198 1200 1208
1223 1196 1218 1197 1219
1227 1218 1217 1216 1224
1213 1218 1220 1219 1214
1222 1218 1225 1225 1230
1226 1228 1229 1227 1227
1232 1230 1242 1242 1238
1234 1222 1232 1224 1222
1232 1228 1227 1236 1231
1212 1224 1217 1229 1228
1216 1222 1220 1203 1220
1229 1231 1225 1221 1231
1226 1217 1223 1220 1224
1214 1209 1212 1214 1219
1231 1230 1214 1225 1214
1230 1226 1229 1225 1228
1239 1232 1244 1247 1239
1244 1235 1238 1234 1243
1246 1239 1250 1242 1243
1228 1235 1233 1238 1236
1232 1233 1227 1222 1223
1232 1234 1210 1231 1218
1215 1213 1219 1210 1212
1216 1222 1217 1221 1222
1224 1233 1224 1222 1234
1212 1218 1227 1222 1218
1228 1227 1225 1231 1226
1232 1244 1236 1229 1230
1235 1245 1235 1240 1235
1254 1248 1262 1256 1244
1256 1236 1243 1238 1250
1255 1252 1251 1246 1252
1253 1239 1256 1255 1247
1246 1239 1243 1243 1255
1247 1248 1252 1246 1258
1254 1253 1255 1251 1251
1248 1248 1246 1243 1247
1239 1243 1244 1245 1241
1226 1232 1247 1251 1252
1240 1248 1239 1238 1236
1239 1248 1231 1233 1248
1247 1240 1241 1247 1245
1231 1244 1227 1240 1226
1238 1238 1235 1238 1230
1238 1218 1246 1248 1235
1230 1219 1219 1221 1226
1224 1229 1230 1230 1224
1245 1244 1242 1233 1240
1230 1232 1231 1238 1232
1252 1238 1241 1242 1246
1249 1250 1244 1244 1255
1255 1257 1253 1253 1262
1247 1266 1264 1255 1264
1254 1253 1267 1275 1251
1265 1256 1270 1263 1265
1268 1271 1269 1274 1268
1270 1264 1270 1261 1267
1272 1283 1281 1278 1277
1281 1274 1272 1277 1279
1263 1260 1275 1269 1271
1287 1288 1285 1277 1283
1289 1286 1294 1286 1295
1295 1295 1293 1296 1294
1299 1302 1312 1313 1300
1303 1302 1296 1296 1301
1305 1312 1309 1317 1318
1321 1322 1322 1316 1327
1328 1332 1316 1322 1316
1313 1329 1333 1320 1327
1301 1314 1304 1302 1317
1303 1291 1301 1301 1299
1309 1303 1302 1302 1306
1289 1291 1290 1290 1292
1290 1281 1289 1281 1279
1288 1292 1289 1290 1290
1292 1299 1299 1292 1298
1297 1296 1289 1281 1286
1296 1295 1292 1294 1296
1309 1295 1308 1292 1300
1291 1293 1297 1294 1296
1294 1289 1289 1289 1292
1290 1287 1290 1284 1290
1297 1305 1294 1290 1303
1312 1317 1304 1310 1307
1306 1301 1300 1287 1299
1300 1307 1303 1307 1307
1306 1315 1307 1303 1313
1305 1302 1314 1310 1309
1299 1299 1296 1308 1299
1294 1293 1298 1290 1299
1276 1283 1288 1279 1283
1285 1287 1283 1283 1284
1291 1297 1289 1291 1286
1290 1270 1270 1273 1289
1282 1280 1283 1291 1258
1288 1286 1290 1268 1289
1294 1289 1287 1293 1295
1289 1282 1278 1288 1279
1289 1287 1291 1291 1285
1285 1278 1273 1286 1303
1280 1271 1275 1281 1282
1285 1263 1286 1272 1271
1285 1298 1280 1279 1300
1302 1300 1301 1299 1291
1287 1284 1289 1283 1286
1274 1284 1294 1287 1279
1285 1299 1305 1302 1287
1305 1304 1302 1305 1305
1303 1300 1290 1299 1297
1309 1287 1304 1297 1285
1306 1299 1299 1298 1303
1295 1295 1298 1300 1296
1294 1290 1294 1283 1293
1289 1290 1282 1280 1289
1274 1280 1272 1281 1278
1271 1275 1275 1276 1272
1271 1271 1270 1257 1263
1285 1286 1286 1277 1283
1297 1305 1290 1286 1285
1309 1303 1311 1300 1301
1316 1314 1313 1311 1308
1311 1313 1320 1320 1319
1326 1332 1331 1321 1333
1328 1308 1309 1324 1313
1301 1298 1295 1302 1314
1301 1313 1298 1309 1311
1297 1304 1314 1295 1289
1314 1315 1311 1313 1314
1319 1327 1329 1326 1314
1301 1318 1320 1310 1307
1311 1309 1310 1308 1309
1307 1300 1300 1286 1286
1302 1311 1305 1290 1290
1295 1298 1288 1290 1304
1288 1294 1286 1295 1287
1300 1295 1297 1284 1286
1302 1300 1287 1289 1292
1285 1288 1288 1285 1292
1285 1281 1296 1295 1294
1273 1276 1265 1285 1290
1290 1276 1283 1288 1290
1270 1278 1283 1270 1267
1284 1295 1275 1292 1283
1287 1290 1290 1290 1286
1293 1293 1292 1291 1297
1288 1281 1286 1287 1290
1301 1294 1305 1309 1312
1311 1313 1310 1305 1305
1318 1323 1312 1313 1327
1337 1334 1327 1335 1327
1329 1324 1329 1330 1332
1334 1351 1340 1329 1337
1342 1330 1341 1348 1347
1338 1340 1338 1334 1335
1333 1327 1330 1328 1333
1322 1346 1337 1322 1338
1335 1339 1338 1338 1337
1327 1322 1325 1325 1332
1330 1335 1332 1329 1318
1336 1347 1331 1337 1341
1330 1327 1329 1328 1329
1328 1325 1326 1325 1329
1313 1330 1320 1335 1338
1329 1329 1331 1352 1349
1351 1351 1344 1354 1341
1350 1353 1362 1360 1362
1348 1347 1344 1346 1345
1347 1348 1351 1350 1353
1343 1348 1348 1345 1348
1360 1364 1364 1352 1350
1370 1372 1365 1382 1367
1373 1382 1380 1381 1380
1383 1383 1376 1384 1392
1369 1374 1375 1370 1370
1379 1375 1376 1380 1384
1367 1397 1374 1361 1394
1376 1369 1369 1371 1370
1368 1365 1367 1362 1369
1387 1381 1382 1388 1378
1379 1379 1382 1383 1383
1380 1394 1375 1387 1388
1390 1383 1381 1381 1386
1382 1386 1390 1391 1390
1385 1386 1377 1384 1381
1379 1394 1381 1393 1380
1373 1392 1370 1371 1372
1363 1387 1370 1381 1386
1364 1361 1375 1354 1370
1367 1372 1370 1365 1372
1360 1362 1364 1367 1357
1358 1341 1341 1348 1347
1349 1354 1336 1355 1348
1346 1347 1341 1339 1338
1330 1332 1356 1341 1334
1334 1328 1338 1353 1351
1341 1348 1343 1341 1345
1339 1342 1335 1341 1335
1321 1325 1347 1331 1325
1340 1318 1324 1325 1326
1312 1306 1313 1316 1302
1311 1319 1313 1310 1315
1299 1310 1316 1309 1302
1312 1310 1308 1313 1312
1329 1314 1330 1311 1326
1327 1326 1331 1327 1333
1337 1341 1350 1348 1333
1347 1355 1349 1345 1356
1335 1336 1332 1348 1352
1329 1339 1337 1325 1333
1326 1320 1323 1322 1333
1328 1332 1330 1329 1331
1351 1341 1347 1334 1342
1350 1350 1351 1347 1350
1355 1343 1345 1362 1343
1352 1354 1350 1356 1353
1364 1356 1372 1360 1366
1370 1374 1371 1374 1365
1376 1371 1381 1375 1380
1368 1386 1371 1380 1375
1387 1387 1358 1369 1369
1385 1389 1390 1391 1387
1391 1393 1396 1397 1393
1397 1404 1402 1396 1388
1389 1413 1405 1395 1397
1416 1405 1407 1407 1408
1404 1420 1416 1405 1422
1396 1390 1397 1407 1393
1404 1400 1410 1418 1406
1421 1413 1412 1416 1428
1410 1409 1418 1415 1409
1425 1410 1411 1410 1406
1417 1415 1416 1414 1417
1409 1422 1420 1420 1426
1431 1427 1422 1420 1440
1429 1444 1448 1431 1429
1432 1434 1439 1433 1435
1428 1419 1432 1413 1427
1438 1440 1434 1427 1432
1423 1423 1425 1430 1425
1431 1417 1425 1423 1431
